1 2 4 5 Яблоко 25 25
2 5 6 3 Спаржа 30 10
3 0 1 9 Огурцы 60 15
5 3 4 5 Чеснок 10 30
1 3 4 7 Молоко 65 15
6 7 8 3 Томаты 105 0
8 9 0 4 Кефир 55 10
7 0 4 5 Хлопья 50 5
3 9 1 8 Оливки 70 27
2 8 3 1 Шоколад 65 0
5 6 7 2 Йогурт 35 25
0 4 5 2 Масло 50 13
4 5 6 9 Зел_Чай 160 45
5 9 0 1 Фасоль 45 25
2 7 2 1 Спрайт 40 25
3 4 5 2 Гречка 60 20
4 2 1 7 Макароны 55 10
0 5 1 2 Арбузик 72 40
9 8 3 1 Бананы 35 10
7 2 1 5 Форель 1000 0 
8 6 7 4 Свекла 56 25
8 2 3 2 Пирожок 9 10
4 6 3 1 Клюква 78 15
1 0 3 3 Пломбир 25 5